[USER]
USER0=操作员
PSW0=123456
PMS0=0
USER1=工程师
PSW1=456789
PMS1=1
[PRODUCT_SET]
CUR_PRODCUT_NAME=14J
[OTHER_SET]
MSG_CFG=65535
BEEP_EN=False
[BC]
BC_MODE=8
PRE_IP=
CUR_IP=
NEXT_IP=
COM=COM12
TYPE=0
[MC_SEL]
MC=0
NAME=AT512S
HW_VER=1
DISC=
[CamDown]
SN=22758993
TRG_MODE=1
DISC=下相机
[CamUp1]
SN=22758976
TRG_MODE=1
DISC=上相机1
[CamUp2]
SN=22758960
TRG_MODE=1
DISC=上相机2
[XT0]
DISC=吸头1
CAP_SPD=0
ROL_CAP_X=0
ROL_CAP_Y=380.134
ROL_X=-0.965015358159545
ROL_Y=0.00484584925223986
PL_POS_X=0
PL_POS_Y=0
PL_POS_Z=8
ZCALI_POS_X=137.104
ZCALI_POS_Y=240.936
BR_POS_X=0
BR_POS_Y=450
TF_REF_Z=10.75
UNIT_PLACE_X=0
UNIT_PLACE_Y=0
UNIT_PLACE_Z=0
UNIT_UPCAM_X=9.674
UNIT_UPCAM_Y=147.723
UNIT_STEP=6
AFFINE_UPCAM2_X=10.152
AFFINE_UPCAM2_Y=11.271
AFFINE_PLACE_X=10
AFFINE_PLACE_Y=100
AFFINE_PLACE_Z=2
AFFINE_DWTOUP_CAM1_X=9.89
AFFINE_DWTOUP_CAM1_Y=148.749
AFFINE_UPTOUP_CAM1_X=9.89
AFFINE_UPTOUP_CAM1_Y=148.751
AFFINE_DOWNCAM_X=0
AFFINE_DOWNCAM_Y=380.3
ROC_CAP_BEFRCAIL_Y=380.134
ROL_Z=0.00266359443506032
FLY_OFS0=0
FLY_OFS1=0
FLY_OFS2=0
VS_OFS_X=0
VS_OFS_Y=0
VS_OFS_A=0
VS_DOWN_REF_ANGLE=0
VS_UP_REF_ANGLE=0
AFFINE_DOWNCAM_Z=8
VS_OFS_X_0=-0.00789829015731813
VS_OFS_Y_0=-0.578138267993928
VS_OFS_A_0=0
VS_DOWN_REF_ANGLE_0=16.0271870818645
VS_UP_REF_ANGLE_0=0.994623985091187
VS_OFS_X_1=-0.266048697067863
VS_OFS_Y_1=0.69332342620197
VS_OFS_A_1=5
VS_DOWN_REF_ANGLE_1=-6.71685283393168
VS_UP_REF_ANGLE_1=0.05503001189064
XT_CAP_OFS=-0.340830385684967
WS_CAP_NEAR_OFS=0.448888301849365
WS_CAP_FAR_OFS=0.342803001403809
[XT1]
DISC=吸头2
CAP_SPD=800
ROL_CAP_X=0
ROL_CAP_Y=341.235
ROL_X=-0.601126941305183
ROL_Y=-0.000741533512624111
PL_POS_X=0
PL_POS_Y=0
PL_POS_Z=7
ZCALI_POS_X=190.976
ZCALI_POS_Y=244.572
BR_POS_X=0
BR_POS_Y=450
TF_REF_Z=9.68
UNIT_PLACE_X=205.592
UNIT_PLACE_Y=275.604
UNIT_PLACE_Z=8.5
UNIT_UPCAM_X=205.842
UNIT_UPCAM_Y=146.032
UNIT_STEP=5
AFFINE_UPCAM2_X=10.152
AFFINE_UPCAM2_Y=11.271
AFFINE_PLACE_X=10
AFFINE_PLACE_Y=100
AFFINE_PLACE_Z=2
AFFINE_DWTOUP_CAM1_X=9.89
AFFINE_DWTOUP_CAM1_Y=148.749
AFFINE_UPTOUP_CAM1_X=9.89
AFFINE_UPTOUP_CAM1_Y=148.751
AFFINE_DOWNCAM_X=0
AFFINE_DOWNCAM_Y=380.3
ROC_CAP_BEFRCAIL_Y=341.235
ROL_Z=0.00436798612275772
FLY_OFS0=0.140599108887489
FLY_OFS1=0.277493015749454
FLY_OFS2=0.471291608691299
VS_OFS_X=0
VS_OFS_Y=0
VS_OFS_A=0
VS_DOWN_REF_ANGLE=0
VS_UP_REF_ANGLE=0
AFFINE_DOWNCAM_Z=8
VS_OFS_X_0=0.109556972980499
VS_OFS_Y_0=-0.522330033779145
VS_OFS_A_0=0
VS_DOWN_REF_ANGLE_0=-13.9245416414096
VS_UP_REF_ANGLE_0=-3.07747499536153
VS_OFS_X_1=-0.180894785286623
VS_OFS_Y_1=0.215974132643182
VS_OFS_A_1=-0.1
VS_DOWN_REF_ANGLE_1=-0.0514759599494999
VS_UP_REF_ANGLE_1=-0.0739442361574957
XT_CAP_OFS=-0.35488064866513
WS_CAP_NEAR_OFS=0.448888301849365
WS_CAP_FAR_OFS=0.342803001403809
[FD0]
REF_X=0
REF_Y=0
REF_Z=9.24
ZREF_CALI_X=0
ZREF_CALI_Y=0
BR_X=0
BR_Y=0
[FD1]
REF_X=0
REF_Y=0
REF_Z=7.92333333333333
ZREF_CALI_X=0
ZREF_CALI_Y=0
BR_X=0
BR_Y=0
[TopCam_Calibration]
Upcam_MovePosition1_X=51.294
Upcam_MovePosition1_Y=162.22
Upcam_MovePosition2_X=52.186
Upcam_MovePosition2_Y=342.08
Upcam_MovePosition3_X=172.128
Upcam_MovePosition3_Y=341.196
Upcam_MovePosition4_X=171.126
Upcam_MovePosition4_Y=161.4
TopCam_PositionX=171.126
TopCam_PositionY=-0.004
[Cam_Calibration]
CamCheckerboard_MovePosition1_X=185.22
CamCheckerboard_MovePosition1_Y=224.885
CamNPiont_MovePosition1_X=185.218
CamNPiont_MovePosition1_Y=224.885
CamNPiont_StepLengt=20
CamCenter_MovePosition1_X=191.063321590236
CamCenter_MovePosition1_Y=233.663579343413
ROC_CAP_BEFRCAIL_X=191.063321590236
ROC_CAP_BEFRCAIL_Y=233.663579343413
ROL_X=0.000678409764424965
ROL_Y=-0.00107934341320198
ROL_Z=0.00162004807633057
[LeftLightBox]
SAFE_ZX=100
SAFE_XX=-164
[RightLightBox]
SAFE_ZX=100
SAFE_XX=-145
[OTPLightBox]
SAFE_ZX=0
SAFE_XX=0
[TEST_PC]
WS1_PC1=192.168.0.121,123
WS1_PC5=192.168.0.125,123
WS2_PC2=192.168.0.122,123
WS2_PC6=192.168.0.126,123
WS3_PC3=192.168.0.123,123
WS3_PC7=192.168.0.127,123
WS4_PC4=192.168.0.124,123
WS4_PC8=192.168.0.128,123
